2022-07-15 15:45:38,548 wheelly.robot: --> ck 1657892738.548673
2022-07-15 15:45:38,619 wheelly.robot: <-- ck 1657892738.548673 27118 27120
2022-07-15 15:45:38,620 wheelly.robot: <-- st 27148 0.000 0.000 1 0 1.02 0.000 0.000 0 10.47 1 1 0 1 0 0.00 0
2022-07-15 15:45:38,621 wheelly.robot: --> mv 0 190
2022-07-15 15:45:38,703 wheelly.robot: <-- st 27204 0.000 0.000 1 0 1.01 0.000 0.000 0 10.71 1 1 0 0 0 1.00 0
2022-07-15 15:45:38,756 wheelly.robot: <-- st 27264 0.000 0.000 1 0 1.02 0.000 0.000 0 10.71 1 1 0 0 0 1.00 0
2022-07-15 15:45:38,805 wheelly.robot: <-- st 27323 0.000 0.000 1 0 1.02 0.000 0.000 0 10.71 1 1 0 0 0 1.00 0
2022-07-15 15:45:38,856 wheelly.robot: <-- st 27382 0.000 0.000 1 0 1.02 0.000 0.000 0 10.73 1 1 0 0 0 1.00 0
2022-07-15 15:45:38,903 wheelly.robot: <-- st 27440 0.000 0.000 1 0 1.01 0.000 0.000 0 10.70 1 1 0 0 0 1.00 0
2022-07-15 15:45:39,012 wheelly.robot: <-- st 27500 0.000 0.000 1 0 1.02 0.000 0.000 0 10.67 1 1 0 0 0 1.00 0
2022-07-15 15:45:39,110 wheelly.robot: <-- st 27558 0.003 0.000 1 0 1.01 0.000 0.000 0 10.82 1 1 0 0 0 1.00 0
2022-07-15 15:45:39,258 wheelly.robot: <-- st 27619 0.013 0.000 3 0 1.02 0.028 0.013 0 10.65 1 1 0 0 0 1.00 0
2022-07-15 15:45:39,258 wheelly.robot: <-- st 27679 0.024 0.000 3 0 1.00 0.073 0.067 0 10.67 1 1 0 0 0 1.00 0
2022-07-15 15:45:39,258 wheelly.robot: <-- st 27740 0.037 0.001 -1 0 0.98 0.117 0.116 0 10.56 1 1 0 0 0 1.00 0
2022-07-15 15:45:39,309 wheelly.robot: <-- st 27800 0.050 0.001 4 0 0.90 0.151 0.155 0 10.61 1 1 0 0 0 1.00 0
2022-07-15 15:45:39,365 wheelly.robot: <-- st 27862 0.063 0.002 2 0 0.73 0.180 0.182 0 10.79 1 1 0 0 0 1.00 0
2022-07-15 15:45:39,419 wheelly.robot: <-- st 27927 0.079 0.002 2 0 0.71 0.198 0.200 0 10.79 1 1 0 0 0 1.00 0
2022-07-15 15:45:39,474 wheelly.robot: <-- st 27988 0.095 0.003 0 0 0.70 0.211 0.213 0 10.67 1 1 0 0 0 1.00 0
2022-07-15 15:45:39,475 wheelly.robot: --> mv 0 1
2022-07-15 15:45:39,541 wheelly.robot: <-- st 28049 0.108 0.003 2 0 0.67 0.225 0.220 0 10.62 1 1 0 0 0 1.00 0
2022-07-15 15:45:39,592 wheelly.robot: <-- st 28108 0.124 0.004 4 0 0.67 0.231 0.221 0 10.53 1 1 0 0 0 1.00 0
2022-07-15 15:45:39,642 wheelly.robot: <-- st 28170 0.137 0.004 -1 0 0.82 0.237 0.225 0 10.41 1 1 0 0 0 1.00 0
2022-07-15 15:45:39,696 wheelly.robot: <-- st 28231 0.150 0.005 2 0 0.69 0.237 0.230 0 10.82 1 1 0 0 0 1.00 0
2022-07-15 15:45:39,963 wheelly.robot: <-- st 28296 0.166 0.005 1 0 0.63 0.245 0.235 0 10.50 1 1 0 0 0 1.00 0
2022-07-15 15:45:39,963 wheelly.robot: <-- st 28357 0.181 0.005 1 0 0.62 0.247 0.239 0 10.52 1 1 0 0 0 1.00 0
2022-07-15 15:45:40,018 wheelly.robot: <-- st 28417 0.197 0.005 1 0 0.76 0.249 0.241 0 10.70 1 1 0 0 0 1.00 0
2022-07-15 15:45:40,018 wheelly.robot: <-- st 28477 0.213 0.006 0 0 0.74 0.253 0.248 0 10.78 1 1 0 0 0 1.00 0
2022-07-15 15:45:40,018 wheelly.robot: <-- st 28538 0.229 0.006 -2 0 0.57 0.256 0.249 0 10.67 1 1 0 0 0 1.00 0
2022-07-15 15:45:40,165 wheelly.robot: <-- st 28599 0.245 0.006 -2 0 0.56 0.257 0.253 0 10.47 1 1 0 0 0 1.00 0
2022-07-15 15:45:40,165 wheelly.robot: <-- st 28660 0.260 0.006 -2 0 0.75 0.257 0.254 0 10.96 1 1 0 0 0 1.00 0
2022-07-15 15:45:40,215 wheelly.robot: <-- st 28719 0.274 0.006 2 0 0.67 0.259 0.251 0 10.73 1 1 0 0 0 1.00 0
2022-07-15 15:45:40,264 wheelly.robot: <-- st 28779 0.289 0.006 1 0 0.66 0.258 0.249 0 10.70 1 1 0 0 0 1.00 0
2022-07-15 15:45:40,321 wheelly.robot: <-- st 28844 0.305 0.006 -1 0 0.66 0.257 0.248 0 10.61 1 1 0 0 0 1.00 0
2022-07-15 15:45:40,321 wheelly.robot: --> mv 0 1
2022-07-15 15:45:40,398 wheelly.robot: <-- st 28906 0.321 0.005 -1 0 0.63 0.259 0.248 0 10.46 1 1 0 0 0 1.00 0
2022-07-15 15:45:40,578 wheelly.robot: <-- st 28967 0.337 0.005 -1 0 0.63 0.257 0.247 0 10.76 1 1 0 0 0 1.00 0
2022-07-15 15:45:40,579 wheelly.robot: <-- st 29027 0.352 0.004 -1 0 0.62 0.255 0.246 0 10.49 1 1 0 0 0 1.00 0
2022-07-15 15:45:40,887 wheelly.robot: <-- st 29086 0.368 0.004 -1 0 0.59 0.258 0.252 0 10.44 1 1 0 0 0 1.00 0
2022-07-15 15:45:40,888 wheelly.robot: --> al
